  9029501792 9029501806 9029501814 9029501822 9029501831 9029501849 9029501857 9029501865 9029501873 9029501881 9029501890 9029501903 
  9029501911 9029501920 9029501938 9029501946 9029501954 9029501962 9029501971 9029501989 9029501997 9029502004 9029502012 9029502021 
  9029502039 9029502047 9029502055 9029502063 9029502071 9029502080 9029502098 9029502101 9029502110 9029502128 9029502136 9029502144 
  9029502152 9029502161 9029502179 9029502187 9029502195 9029502209 9029502217 9029502225 9029502233 9029502241 9029502250 9029502268 
  9029502276 9029502284 9029502292 9029502306 9029502314 9029502322 9029502331 9029502349 9029502357 9029502365 9029502373 9029502381 
  9029502390 9029502403 9029502411 9029502420 9029502438 9029502446 9029502454 9029502462 9029502471 9029502489 9029502497 9029502501 
  9029502519 9029502527 9029502535 9029502543 9029502551 9029502560 9029502578 9029502586 9029502594 9029502608 9029502616 9029502624 
  9029502632 9029502641 9029502659 9029502667 9029502675 9029502683 9029502691 9029502705 9029502713 9029502721 9029502730 9029502748 
  9029502756 9029502764 9029502772 9029502781 9029502799 9029502802 9029502811 9029502829 9029502837 9029502845 9029502853 9029502861 
  9029502870 9029502888 9029502896 9029502900 9029502918 9029502926 9029502934 9029502942 9029502951 9029502969 9029502977 9029502985 
  9029502993 9029503001 9029503019 9029503027 9029503035 9029503043 9029503051 9029503060 9029503078 9029503086 9029503094 9029503108 
  9029503116 9029503124 9029503132 9029503141 9029503159 9029503167 9029503175 9029503183 9029503191 9029503205 9029503213 9029503221 
  9029503230 9029503248 9029503256 9029503264 9029503272 9029503281 9029503299 9029503302 9029503311 9029503329 9029503337 9029503345 
  9029503353 9029503361 9029503370 9029503388 9029503396 9029503400 9029503418 9029503426 9029503434 9029503442 9029503451 9029503469 
  9029503477 9029503485 9029503493 9029503507 9029503515 9029503523 9029503531 9029503540 9029503558 9029503566 9029503574 9029503582 
  9029503591 9029503604 9029503612 9029503621 9029503639 9029503647 9029503655 9029503663 9029503671 9029503680 9029503698 9029503701 
  9029503710 9029503728 9029503736 9029503744 9029503752 9029503761 9029503779 9029503787 9029503795 9029503809 9029503817 9029503825 
  9029503833 9029503841 9029503850 9029503868 9029503876 9029503884 9029503892 9029503906 9029503914 9029503922 9029503931 9029503949 
  9029503957 9029503965 9029503973 9029503981 9029503990 9029504007 9029504015 9029504023 9029504031 9029504040 9029504058 9029504066 
  9029504074 9029504082 9029504091 9029504104 9029504112 9029504121 9029504139 9029504147 9029504155 9029504163 9029504171 9029504180 
  9029504198 9029504201 9029504210 9029504228 9029504236 9029504244 9029504252 9029504261 9029504279 9029504287 9029504295 9029504309 
  9029504317 9029504325 9029504333 9029504341 9029504350 9029504368 9029504376 9029504384 9029504392 9029504406 9029504414 9029504422 
  9029504431 9029504449 9029504457 9029504465 9029504473 9029504481 9029504490 9029504503 9029504511 9029504520 9029504538 9029504546 
  9029504554 9029504562 9029504571 9029504589 9029504597 9029504601 9029504619 9029504627 9029504635 9029504643 9029504651 9029504660 
  9029504678 9029504686 9029504694 9029504708 9029504716 9029504724 9029504732 9029504741 9029504759 9029504767 9029504775 9029504783 
  9029504791 9029504805 9029504813 9029504821 9029504830 9029504848 9029504856 9029504864 9029504872 9029504881 9029504899 9029504902 
  9029504911 9029504929 9029504937 9029504945 9029504953 9029504961 9029504970 9029504988 9029504996 9029505003 9029505011 9029505020 
  9029505038 9029505046 9029505054 9029505062 9029505071 9029505089 9029505097 9029505101 9029505119 9029505127 9029505135 9029505143 
  9029505151 9029505160 9029505178 9029505186 9029505194 9029505208 9029505216 9029505224 9029505232 9029505241 9029505259 9029505267 
  9029505275 9029505283 9029505291 9029505305 9029505313 9029505321 9029505330 9029505348 9029505356 9029505364 9029505372 9029505381 
  9029505399 9029505402 9029505411 9029505429 9029505437 9029505445 9029505453 9029505461 9029505470 9029505488 9029505496 9029505500 
  9029505518 9029505526 9029505534 9029505542 9029505551 9029505569 9029505577 9029505585 9029505593 9029505607 9029505615 9029505623 
  9029505631 9029505640 9029505658 9029505666 9029505674 9029505682 9029505691 9029505704 9029505712 9029505721 9029505739 9029505747 
  9029505755 9029505763 9029505771 9029505780 9029505798 9029505801 9029505810 9029505828 9029505836 9029505844 9029505852 9029505861 
  9029505879 9029505887 9029505895 9029505909 9029505917 9029505925 9029505933 9029505941 9029505950 9029505968 9029505976 9029505984 
  9029505992 9029506000 9029506018 9029506026 9029506034 9029506042 9029506051 9029506069 9029506077 9029506085 9029506093 9029506107 
  9029506115 9029506123 9029506131 9029506140 9029506158 9029506166 9029506174 9029506182 9029506191 9029506204 9029506212 9029506221 
  9029506239 9029506247 9029506255 9029506263 9029506271 9029506280 9029506298 9029506301 9029506310 9029506328 9029506336 9029506344 
  9029506352 9029506361 9029506379 9029506387 9029506395 9029506409 9029506417 9029506425 9029506433 9029506441 9029506450 9029506468 
  9029506476 9029506484 9029506492 9029506506 9029506514 9029506522 9029506531 9029506549 9029506557 9029506565 9029506573 9029506581 
  9029506590 9029506603 9029506611 9029506620 9029506638 9029506646 9029506654 9029506662 9029506671 9029506689 9029506697 9029506701 
  9029506719 9029506727 9029506735 9029506743 9029506751 9029506760 9029506778 9029506786 9029506794 9029506808 9029506816 9029506824 
  9029506832 9029506841 9029506859 9029506867 9029506875 9029506883 9029506891 9029506905 9029506913 9029506921 9029506930 9029506948 
  9029506956 9029506964 9029506972 9029506981 9029506999 9029507006 9029507014 9029507022 9029507031 9029507049 9029507057 9029507065 
  9029507073 9029507081 9029507090 9029507103 9029507111 9029507120 9029507138 9029507146 9029507154 9029507162 9029507171 9029507189 
  9029507197 9029507201 9029507219 9029507227 9029507235 9029507243 9029507251 9029507260 9029507278 9029507286 9029507294 9029507308 
  9029507316 9029507324 9029507332 9029507341 9029507359 9029507367 9029507375 9029507383 9029507391 9029507405 9029507413 9029507421 
  9029507430 9029507448 9029507456 9029507464 9029507472 9029507481 9029507499 9029507502 9029507511 9029507529 9029507537 9029507545 
  9029507553 9029507561 9029507570 9029507588 9029507596 9029507600 9029507618 9029507626 9029507634 9029507642 9029507651 9029507669 
  9029507677 9029507685 9029507693 9029507707 9029507715 9029507723 9029507731 9029507740 9029507758 9029507766 9029507774 9029507782 
  9029507791 9029507804 9029507812 9029507821 9029507839 9029507847 9029507855 9029507863 9029507871 9029507880 9029507898 9029507901 
  9029507910 9029507928 9029507936 9029507944 9029507952 9029507961 9029507979 9029507987 9029507995 9029508002 9029508011 9029508029 
  9029508037 9029508045 9029508053 9029508061 9029508070 9029508088 9029508096 9029508100 9029508118 9029508126 9029508134 9029508142 
  9029508151 9029508169 9029508177 9029508185 9029508193 9029508207 9029508215 9029508223 9029508231 9029508240 9029508258 9029508266 
  9029508274 9029508282 9029508291 9029508304 9029508312 9029508321 9029508339 9029508347 9029508355 9029508363 9029508371 9029508380 
  9029508398 9029508401 9029508410 9029508428 9029508436 9029508444 9029508452 9029508461 9029508479 9029508487 9029508495 9029508509 
  9029508517 9029508525 9029508533 9029508541 9029508550 9029508568 9029508576 9029508584 9029508592 9029508606 9029508614 9029508622 
  9029508631 9029508649 9029508657 9029508665 9029508673 9029508681 9029508690 9029508703 9029508711 9029508720 9029508738 9029508746 
  9029508754 9029508762 9029508771 9029508789 9029508797 9029508801 9029508819 9029508827 9029508835 9029508843 9029508851 9029508860 
  9029508878 9029508886 9029508894 9029508908 9029508916 9029508924 9029508932 9029508941 9029508959 9029508967 9029508975 9029508983 
  9029508991 9029509009 9029509017 9029509025 9029509033 9029509041 9029509050 9029509068 9029509076 9029509084 9029509092 9029509106 
  9029509114 9029509122 9029509131 9029509149 9029509157 9029509165 9029509173 9029509181 9029509190 9029509203 9029509211 9029509220 
  9029509238 9029509246 9029509254 9029509262 9029509271 9029509289 9029509297 9029509301 9029509319 9029509327 9029509335 9029509343 
  9029509351 9029509360 9029509378 9029509386 9029509394 9029509408 9029509416 9029509424 9029509432 9029509441 9029509459 9029509467 
  9029509475 9029509483 9029509491 9029509505 9029509513 9029509521 9029509530 9029509548 9029509556 9029509564 9029509572 9029509581 
  9029509599 9029509602 9029509611 9029509629 9029509637 9029509645 9029509653 9029509661 9029509670 9029509688 9029509696 9029509700 
  9029509718 9029509726 9029509734 9029509742 9029509751 9029509769 9029509777 9029509785 9029509793 9029509807 9029509815 9029509823 
  9029509831 9029509840 9029509858 9029509866 9029509874 9029509882 9029509891 9029509904 9029509912 9029509921 9029509939 9029509947 
  9029509955 9029509963 9029509971 9029509980 9029509998 9029510007 9029510015 9029510023 9029510031 9029510040 9029510058 9029510066 
  9029510074 9029510082 9029510091 9029510104 9029510112 9029510121 9029510139 9029510147 9029510155 9029510163 9029510171 9029510180 
  9029510198 9029510201 9029510210 9029510228 9029510236 9029510244 9029510252 9029510261 9029510279 9029510287 9029510295 9029510309 
  9029510317 9029510325 9029510333 9029510341 9029510350 9029510368 9029510376 9029510384 9029510392 9029510406 9029510414 9029510422 
  9029510431 9029510449 9029510457 9029510465 9029510473 9029510481 9029510490 9029510503 9029510511 9029510520 9029510538 9029510546 
  9029510554 9029510562 9029510571 9029510589 9029510597 9029510601 9029510619 9029510627 9029510635 9029510643 9029510651 9029510660 
  9029510678 9029510686 9029510694 9029510708 9029510716 9029510724 9029510732 9029510741 9029510759 9029510767 9029510775 9029510783 
  9029510791 9029510805 9029510813 9029510821 9029510830 9029510848 9029510856 9029510864 9029510872 9029510881 9029510899 9029510902 
  9029510911 9029510929 9029510937 9029510945 9029510953 9029510961 9029510970 9029510988 9029510996 9029511003 9029511011 9029511020 
  9029511038 9029511046 9029511054 9029511062 9029511071 9029511089 9029511097 9029511101 9029511119 9029511127 9029511135 9029511143 
  9029511151 9029511160 9029511178 9029511186 9029511194 9029511208 9029511216 9029511224 9029511232 9029511241 9029511259 9029511267 
  9029511275 9029511283 9029511291 9029511305 9029511313 9029511321 9029511330 9029511348 9029511356 9029511364 9029511372 9029511381 
  9029511399 9029511402 9029511411 9029511429 9029511437 9029511445 9029511453 9029511461 9029511470 9029511488 9029511496 9029511500 
  9029511518 9029511526 9029511534 9029511542 9029511551 9029511569 9029511577 9029511585 9029511593 9029511607 9029511615 9029511623 
  9029511631 9029511640 9029511658 9029511666 9029511674 9029511682 9029511691 9029511704 9029511712 9029511721 9029511739 9029511747 
  9029511755 9029511763 9029511771 9029511780                                                                                         
